% Data
height_inches = [84, 82, 77, 83, 81, 83, 80, 75, 85, 83, ...
                 84, 80, 78, 81, 80, 77, 77, 82, 73, 81, ...
                 78, 80, 78, 82, 79, 77, 78, 79, 77, 78, ...
                 75, 83, 79, 78, 80, 77, 82, 82, 74, 77, ...
                 77, 82, 84, 73, 76, 81, 79, 78, 74, 75, ...
                 77, 83, 78, 76, 79, 81, 82, 82, 83, 83, ...
                 85, 81, 76, 74, 76, 83, 76, 81, 84, 82, ...
                 81, 83, 79, 85, 81, 82, 77, 78, 77, 74, ...
                 76, 83, 84, 81, 82, 82, 84, 84, 80, 73, ...
                 75, 81, 84, 81, 80, 81, 80, 81, 85, 81, ...
                 81, 81, 78, 85, 81, 81, 74, 75, 75, 83, ...
                 84, 84, 82, 73, 82, 84, 83, 81, 79, 79, ...
                 77, 82, 80, 83, 77, 84, 82, 84, 84, 82, ...
                 73, 80, 80, 84, 76, 82, 83, 84, 79, 85, ...
                 84, 79, 80, 84, 82, 82, 84, 81, 79, 83, ...
                 83, 76, 83, 80, 76, 84, 84, 84, 83, 81, ...
                 80, 78, 76, 76, 75, 76, 75, 84, 81, 79, ...
                 79, 82, 80, 83, 85, 80, 80, 75, 84, 84, ...
                 83, 79, 85, 83, 76, 73, 80, 81, 83, 83, ...
                 84, 81, 83, 83, 85];

three_pt_percent = [0.0, 11.8, 37.9, 12.5, 36.5, 33.7, 43.1, 41.9, 36.4, 40.0, ...
                    44.3, 32.1, 45.0, 34.2, 36.7, 37.1, 33.9, 53.4, 29.7, 66.7, ...
                    37.6, 44.1, 38.3, 34.5, 0.0, 37.7, 43.7, 28.9, 37.9, ...
                    38.5, 31.2, 0.0, 41.9, 48.2, 44.0, 40.0, 36.7, 43.9, ...
                    0.0, 30.7, 39.8, 33.0, 37.2, 32.8, 40.5, 40.1, 33.7, ...
                    43.4, 35.2, 42.9, 38.3, 42.1, 20.6, 25.0, 32.3, 25.0, ...
                    13.0, 18.0, 38.8, 39.4, 36.2, 100.0, 33.3, 36.2, ...
                    0.0, 42.1, 37.6, 32.7, 31.6, 32.5, 33.3, 25.7, 33.7, ...
                    26.6, 19.4, 23.9, 35.4, 26.9, 34.7, 0.0, 30.6, 34.7, ...
                    35.8, 34.3, 42.4, 28.2, 37.8, 39.4, 28.8, 39.3, ...
                    40.5, 0.0, 44.4, 31.3, 29.4, 45.0, 25.8, 38.8, 30.0, ...
                    32.4, 24.7, 12.5, 41.7, 44.8, 36.2, 35.0, 21.6, ...
                    88.9, 39.2, 37.4, 53.3, 0.0, 39.8, 44.2, 43.5, 33.3, ...
                    36.1, 0.0, 44.1, 41.2, 60.9, 33.6, 43.2, 47.1, 47.1, ...
                    38.3, 31.8, 46.3, 21.1, 28.4, 36.6, 43.9, 0.0, ...
                    44.6, 50.0, 43.4, 42.8, 0.0, 41.9, 60.0, 31.2, ...
                    32.2, 33.6, 0.0, 36.4, 37.8, 41.9, 46.9, 0.0, ...
                    46.6, 38.9, 29.7, 28.7, 41.7, 38.2, 36.1, 35.8, ...
                    37.1, 33.3, 32.5, 38.3, 44.3, 38.9, 40.6, 29.2, ...
                    37.5, 50.0, 22.7, 38.3, 39.4, 33.3, 35.5, 46.2, ...
                    40.1, 34.3, 40.2, 20.5, 43.3, 50.0, 33.7, 44.9, ...
                    0.0, 34.0, 40.8, 33.6, 28.9, 36.6, 37.7, 38.3, ...
                    33.3, 34.9, 31.2, 25.2, 38.5, 30.4, 38.0, 33.9, ...
                    41.1, 35.6, 31.4, 33.4, 34.5, 21.6, 14.3, 31.1, ...
                    31.4, 45.7, 12.5, 41.0, 34.8, 37.4, 38.2, 44.1, ...
                    19.4, 32.3, 20.0, 41.0, 31.2, 35.9, 20.5, 26.1, ...
                    29.1, 54.3, 37.0, 40.9, 39.2, 0.0, 35.4, 27.5, ...
                    39.9, 34.2, 17.1, 33.2, 0.0, 0.0, 26.4, 36.9, 39.8];

% Scatter plot for height vs. 3-point percentage
figure;
scatter(height_inches, three_pt_percent, 'filled')
xlabel('Height (inches)')
ylabel('3-Point Percentage (%)')
title('3-Point Percentage vs Height of NBA Players')
grid on;

% Linear fit
p = polyfit(height_inches, three_pt_percent, 1);
hold on;
y_fit = polyval(p, height_inches);
plot(height_inches, y_fit, 'r-', 'LineWidth', 2);
legend('Data Points', 'Linear Fit', 'Location', 'Best');